Country	FirmCode	Ano	id	t	IPR	ROA	ROS	RD	Sales	Leverage	Size	Age	y_2010	y_2011	y_2012	y_2013	y_2014	y_2015	y_2016	y_2017	y_2018	y_2019	y_2020
BRA	2	2010	1	1	5118	0.085662001	1.464041479	0.074870841	0.408601271	0.554745191	83818.09919	49	1	0	0	0	0	0	0	0	0	0	0
BRA	2	2011	1	2	5.3	0.105780049	1.882825031	0.054064621	0.530592638	0.574542511	99756.41791	50	0	1	0	0	0	0	0	0	0	0	0
BRA	2	2012	1	3	5.5	0.087124289	2.370129675	0.054905682	-0.141687944	0.444813656	68018.0088	51	0	0	1	0	0	0	0	0	0	0	0
BRA	2	2013	1	4	5.6	0.095113777	1.9507003	0.061353599	-0.205177668	0.275998207	65686.41083	52	0	0	0	1	0	0	0	0	0	0	0
BRA	2	2014	1	5	5.5	0.158922471	1.99779435	0.068678392	-0.140950061	0.041558001	55097.73094	53	0	0	0	0	1	0	0	0	0	0	0
BRA	2	2015	1	6	5099	0.037433401	1.310615207	0.088178309	-0.455312691		45746.3605	54	0	0	0	0	0	1	0	0	0	0	0
BRA	2	2016	1	7	5145	0.051695793	1.32189644	0.085133157	-0.023985443		44268.07255	55	0	0	0	0	0	0	1	0	0	0	0
BRA	2	2017	1	8	5434	0.052251349	1.522171641	0.047704245	0.430315632		54986.52882	56	0	0	0	0	0	0	0	1	0	0	0
BRA	2	2018	1	9	5746	0.057900046	1.356265717	0.082815092	-0.063650414	0.01989572	57784.74085	57	0	0	0	0	0	0	0	0	1	0	0
BRA	2	2019	1	10	5564	0.159063278	1.839035535	0.074160429	0.457924993	0.018588657	62130.23751	58	0	0	0	0	0	0	0	0	0	1	0
BRA	2	2020	1	11	5478	0.103747766	2.089451229	0.063915312	-0.021526449	0.041381433	53506.92424	59	0	0	0	0	0	0	0	0	0	0	1
BRA	3	2010	2	1	5118	0.1264227	1.729922022	0.229136353	0.96899111		322734.7611	64	1	0	0	0	0	0	0	0	0	0	0
BRA	3	2011	2	2	5.3	0.079231703	1.672279142	0.257180337	0.004276796		335287.1642	65	0	1	0	0	0	0	0	0	0	0	0
BRA	3	2012	2	3	5.5	0.089804874	1.234514646	0.316750792	-0.2586392		336712.3708	66	0	0	1	0	0	0	0	0	0	0	0
BRA	3	2013	2	4	5.6	0.051936309	1.646860673	0.299901737	0.265203962		319344.1787	67	0	0	0	1	0	0	0	0	0	0	0
BRA	3	2014	2	5	5.5	0.023323786	1.492246109	0.393739681	-0.301217156		246273.4767	68	0	0	0	0	1	0	0	0	0	0	0
BRA	3	2015	2	6	5099	-0.009432962	0.957448572	0.683637117	-0.594190569		155763.1697	69	0	0	0	0	0	1	0	0	0	0	0
BRA	3	2016	2	7	5145	-0.050646142	0.812802894	0.802246898	-0.19025446		148574.2529	70	0	0	0	0	0	0	1	0	0	0	0
BRA	3	2017	2	8	5434	-0.017162129	1.033575049	0.574235875	0.270505525	0.004821724	148444.2356	71	0	0	0	0	0	0	0	1	0	0	0
BRA	3	2018	2	9	5746	0.036828481	1.494108548	0.370366898	0.350678346	0.021793961	138699.5786	72	0	0	0	0	0	0	0	0	1	0	0
BRA	3	2019	2	10	5564	0.108690676	2.102185958	0.093485896	0.325442532	0.02582724	130661.3267	73	0	0	0	0	0	0	0	0	0	1	0
BRA	3	2020	2	11	5478	0.13627063	1.740921058	0.29854735	-0.300065962	0.019713013	110432.3286	74	0	0	0	0	0	0	0	0	0	0	1
BRA	8	2010	3	1	5118	0.103571396	0.67165136	0.453700202	0.159570717	0.70655197	568006.0217	76	1	0	0	0	0	0	0	0	0	0	0
BRA	8	2011	3	2	5.3	0.090615232	0.554566119	0.528451311	-0.032937958	1.405217766	665269.8507	77	0	1	0	0	0	0	0	0	0	0	0
BRA	8	2012	3	3	5.5	0.075529658	0.629066215	0.523458174	-0.027944681	3.334017247	570093.1137	78	0	0	1	0	0	0	0	0	0	0	0
BRA	8	2013	3	4	5.6	0.013536932	0.681820869	0.453133748	0.043382096	4.926578672	548801.4461	79	0	0	0	1	0	0	0	0	0	0	0
BRA	8	2014	3	5	5.5	-0.094778023	0.603754173	0.592300384	-0.328262035	11.8299338	416318.093	80	0	0	0	0	1	0	0	0	0	0	0
BRA	8	2015	3	6	5099	-0.059595634	0.805807266	0.470630935	-0.016212538	-8.977726396	306870.7789	81	0	0	0	0	0	1	0	0	0	0	0
BRA	8	2016	3	7	5145	-0.110004177	0.929697656	0.418547875	-0.037952911	-3.886609153	255882.926	82	0	0	0	0	0	0	1	0	0	0	0
BRA	8	2017	3	8	5434	-0.209119354	0.904156014	0.380595405	-0.084412051	-1.555776414	240901.6291	83	0	0	0	0	0	0	0	1	0	0	0
BRA	8	2018	3	9	5746	0.05020648	0.917637186	0.208656941	0.062010387	-2.006794229	252081.4405	84	0	0	0	0	0	0	0	0	1	0	0
BRA	8	2019	3	10	5564	0.099081055	0.937306365	0.211709706	0.095337862	-2.462013453	270320.144	85	0	0	0	0	0	0	0	0	0	1	0
BRA	8	2020	3	11	5478	0.297349125	1.213971862	0.164022653	0.357371559	18.13170409	283302.3003	86	0	0	0	0	0	0	0	0	0	0	1
BRA	10	2010	4	1	5118	0.014461815	0.859184529	0.498744419	0.332414614	0.254822368	547665.7388	99	1	0	0	0	0	0	0	0	0	0	0
BRA	10	2011	4	2	5.3	0.074132671	0.728041006	0.661912371	-0.225815103	0.30542231	500369.5522	100	0	1	0	0	0	0	0	0	0	0	0
BRA	10	2012	4	3	5.5	-0.020959307	0.511505438	1.001149589	-0.447806581	0.343253939	393267.1646	101	0	0	1	0	0	0	0	0	0	0	0
BRA	10	2013	4	4	5.6	-0.031966878	0.559254536	0.79070665	-0.020898004	0.456231683	352173.2481	102	0	0	0	1	0	0	0	0	0	0	0
BRA	10	2014	4	5	5.5	0.019653422	0.606373214	0.683855463	0.033274842	0.489157098	335615.28	103	0	0	0	0	1	0	0	0	0	0	0
BRA	10	2015	4	6	5099	0.021922969	0.533910579	0.753790051	-0.341533377	0.521466297	250984.5415	104	0	0	0	0	0	1	0	0	0	0	0
BRA	10	2016	4	7	5145	-0.084006212	0.29322647	1.062284691	-0.433943695	0.573232693	258685.4245	105	0	0	0	0	0	0	1	0	0	0	0
BRA	10	2017	4	8	5434	-0.071168101	0.163043945	1.875100631	-0.435669553	0.931191795	262545.1128	106	0	0	0	0	0	0	0	1	0	0	0
BRA	10	2018	4	9	5746	-0.092189987	0.110458934	2.86135391	-0.40099006	2.001442893	232135.6248	107	0	0	0	0	0	0	0	0	1	0	0
BRA	10	2019	4	10	5564	-0.297821678	0.052234143	7.867658657	-0.623974744	-2.385341386	184588.7303	108	0	0	0	0	0	0	0	0	0	1	0
BRA	10	2020	4	11	5478	0.030753115	-0.09081633	-5.072565901	-2.210306649	-1.500983787	128496.4506	109	0	0	0	0	0	0	0	0	0	0	1
BRA	12	2010	5	1	5118	0.041318145	0.361880451	0.494098992	0.607636669	1.417949993	1057315.23	80	1	0	0	0	0	0	0	0	0	0	0
BRA	12	2011	5	2	5.3	-0.006210727	0.354239338	0.499916014	-0.015349509	1.458737407	1063542.687	81	0	1	0	0	0	0	0	0	0	0	0
BRA	12	2012	5	3	5.5	-0.032129497	0.382494921	0.550765026	-0.161370269	1.271676056	826030.9015	82	0	0	1	0	0	0	0	0	0	0	0
BRA	12	2013	5	4	5.6	0.021304877	0.469642468	0.517605776	-0.020942344	0.900992887	658662.4027	83	0	0	0	1	0	0	0	0	0	0	0
BRA	12	2014	5	5	5.5	0.007434468	0.503190856	0.530143645	-0.109039757	0.773716509	547716.4953	84	0	0	0	0	1	0	0	0	0	0	0
BRA	12	2015	5	6	5099	-0.001675531	0.497762403	0.583567962	-0.339311211	0.581803728	365816.5991	85	0	0	0	0	0	1	0	0	0	0	0
BRA	12	2016	5	7	5145	-0.040986238	0.541376416	0.534814974	-0.076465082	0.548437988	310627.2027	86	0	0	0	0	0	0	1	0	0	0	0
BRA	12	2017	5	8	5434	0.047669615	0.625682173	0.425172358	0.253520385	0.387675214	336911.9674	87	0	0	0	0	0	0	0	1	0	0	0
BRA	12	2018	5	9	5746	0.037073087	0.598558716	0.385258426	-0.034846826	0.449523583	339906.6827	88	0	0	0	0	0	0	0	0	1	0	0
BRA	12	2019	5	10	5564	0.076426175	0.559891051	0.379781478	-0.046272906	0.460516918	346566.8804	89	0	0	0	0	0	0	0	0	0	1	0
BRA	12	2020	5	11	5478	0.061182522	0.557133762	0.36059292	-0.027268137	0.658623297	338785.0576	90	0	0	0	0	0	0	0	0	0	0	1
BRA	15	2010	6	1	5118	0.082080442	0.88148324	0.329681214	0.38218508	1.307228095	504920.1841	51	1	0	0	0	0	0	0	0	0	0	0
BRA	15	2011	6	2	5.3	0.030240963	0.811599265	0.374006443	0.013057173	2.072419304	555557.6119	52	0	1	0	0	0	0	0	0	0	0	0
BRA	15	2012	6	3	5.5	0.001328543	0.71609588	0.481520799	-0.203697801	1.943845991	501392.1007	53	0	0	1	0	0	0	0	0	0	0	0
BRA	15	2013	6	4	5.6	3.80069E-05	0.671824587	0.445061824	0.049619385	2.694524947	560950.5933	54	0	0	0	1	0	0	0	0	0	0	0
BRA	15	2014	6	5	5.5	0.015632175	0.775437365	0.398365166	-0.006165573	3.899845524	483000.7649	55	0	0	0	0	1	0	0	0	0	0	0
BRA	15	2015	6	6	5099	0.029377531	0.844335009	0.371175602	-0.184350945	23.12064909	361812.0967	56	0	0	0	0	0	1	0	0	0	0	0
BRA	15	2016	6	7	5145	0.051971152	0.922710503	0.343578684	-0.049268586	5.951409526	314767.7717	57	0	0	0	0	0	0	1	0	0	0	0
BRA	15	2017	6	8	5434	0.05722726	0.77077741	0.216283472	0.063279151	8.467394081	400658.208	58	0	0	0	0	0	0	0	1	0	0	0
BRA	15	2018	6	9	5746	0.061382369	0.861808486	0.178650442	0.060623097	10.050705	380061.0257	59	0	0	0	0	0	0	0	0	1	0	0
BRA	15	2019	6	10	5564	0.079287428	0.909933665	0.181777663	0.145954168	8.09296589	412497.7821	60	0	0	0	0	0	0	0	0	0	1	0
BRA	15	2020	6	11	5478							61	0	0	0	0	0	0	0	0	0	0	1
BRA	16	2010	7	1	5118							19	1	0	0	0	0	0	0	0	0	0	0
BRA	16	2011	7	2	5.3							20	0	1	0	0	0	0	0	0	0	0	0
BRA	16	2012	7	3	5.5							21	0	0	1	0	0	0	0	0	0	0	0
BRA	16	2013	7	4	5.6							22	0	0	0	1	0	0	0	0	0	0	0
BRA	16	2014	7	5	5.5							23	0	0	0	0	1	0	0	0	0	0	0
BRA	16	2015	7	6	5099	0.066833919	0.541896638	0.867222222		0.478794424	5982.29026	24	0	0	0	0	0	1	0	0	0	0	0
BRA	16	2016	7	7	5145	0.108803855	0.76764458	0.548595149	4.152664282	0.519730669	21759.83496	25	0	0	0	0	0	0	1	0	0	0	0
BRA	16	2017	7	8	5434	0.140807377	1.027976613	0.336044749	0.793839586	0.486129082	29148.49624	26	0	0	0	0	0	0	0	1	0	0	0
BRA	16	2018	7	9	5746	0.09975083	1.025799689	0.240949385	0.018929305	1.021271429	29763.28608	27	0	0	0	0	0	0	0	0	1	0	0
BRA	16	2019	7	10	5564	0.111881267	1.095336623	0.224462366	0.142728887	1.072891003	31852.17105	28	0	0	0	0	0	0	0	0	0	1	0
BRA	16	2020	7	11	5478	0.044138825	0.868649194	0.240073609	-0.329341523	1.19520219	26936.65387	29	0	0	0	0	0	0	0	0	0	0	1
BRA	17	2010	8	1	5118							50	1	0	0	0	0	0	0	0	0	0	0
BRA	17	2011	8	2	5.3							51	0	1	0	0	0	0	0	0	0	0	0
BRA	17	2012	8	3	5.5							52	0	0	1	0	0	0	0	0	0	0	0
BRA	17	2013	8	4	5.6							53	0	0	0	1	0	0	0	0	0	0	0
BRA	17	2014	8	5	5.5							54	0	0	0	0	1	0	0	0	0	0	0
BRA	17	2015	8	6	5099	-0.039401049	0.82850949	0.475190437		0.618734369	170030.6168	55	0	0	0	0	0	1	0	0	0	0	0
BRA	17	2016	8	7	5145	0.057687045	0.973860964	0.397652779	0.143646204	0.48805514	165431.936	56	0	0	0	0	0	0	1	0	0	0	0
BRA	17	2017	8	8	5434	0.104173713	1.100620904	0.287328598	0.341550273	0.424160328	196374.6867	57	0	0	0	0	0	0	0	1	0	0	0
BRA	17	2018	8	9	5746	0.145741377	1.203480501	0.237135572	0.071573852		192444.858	58	0	0	0	0	0	0	0	0	1	0	0
BRA	17	2019	8	10	5564	0.138956288	1.122345128	0.20667948	0.108693835		228786.596	59	0	0	0	0	0	0	0	0	0	1	0
BRA	17	2020	8	11	5478	0.123888345	1.09856043	0.183969358	-0.041184992	0.433259659	224113.4257	60	0	0	0	0	0	0	0	0	0	0	1
BRA	18	2010	9	1	5118	0.11729025	0.849884751	0.596030738	0.828758597	1.205454241	398031.5855	47	1	0	0	0	0	0	0	0	0	0	0
BRA	18	2011	9	2	5.3	0.107514271	0.846163757	0.552320171	0.240247812	1.37041658	495828.6567	48	0	1	0	0	0	0	0	0	0	0	0
BRA	18	2012	9	3	5.5	0.098687829	0.751789774	0.608339855	-0.211569253	1.215812434	440000.5116	49	0	0	1	0	0	0	0	0	0	0	0
BRA	18	2013	9	4	5.6	0.130069369	0.848623743	0.495995933	0.138314363	1.168498638	443707.36	50	0	0	0	1	0	0	0	0	0	0	0
BRA	18	2014	9	5	5.5	0.086076932	0.724899045	0.547762036	-0.17208434	1.137966917	430051.415	51	0	0	0	0	1	0	0	0	0	0	0
BRA	18	2015	9	6	5099	0.075180361	0.64553433	0.581277292	-0.375981315	0.952044892	301353.4444	52	0	0	0	0	0	1	0	0	0	0	0
BRA	18	2016	9	7	5145	0.041138825	0.61905367	0.608392875	-0.146164079	0.744783138	268312.9423	53	0	0	0	0	0	0	1	0	0	0	0
BRA	18	2017	9	8	5434	0.05402719	0.637364932	0.510021565	0.295322401	0.82068613	337566.7293	54	0	0	0	0	0	0	0	1	0	0	0
BRA	18	2018	9	9	5746	0.068213607	0.733109819	0.470130057	0.203983186	0.952721072	353345.1918	55	0	0	0	0	0	0	0	0	1	0	0
BRA	18	2019	9	10	5564	0.068963494	0.758900443	0.488995704	0.03763621	0.86289169	354183.6709	56	0	0	0	0	0	0	0	0	0	1	0
BRA	18	2020	9	11	5478	0.080614043	0.589729147	0.572107943	-0.241478144	0.926285332	345723.4571	57	0	0	0	0	0	0	0	0	0	0	1
BRA	19	2010	10	1	5118	0.080232172	0.584726016	0.619622889	0.183683116	0.68257758	4266979.492	49	1	0	0	0	0	0	0	0	0	0	0
BRA	19	2011	10	2	5.3	0.072823976	0.569897674	0.571821955	0.241738415	0.885101555	5436334.925	50	0	1	0	0	0	0	0	0	0	0	0
BRA	19	2012	10	3	5.5	0.091103448	0.695761899	0.524129081	0.019523075	0.647900365	4539829.121	51	0	0	1	0	0	0	0	0	0	0	0
BRA	19	2013	10	4	5.6	0.099765681	0.673375279	0.484868272	0.002026983	0.691257957	4700265.573	52	0	0	0	1	0	0	0	0	0	0	0
BRA	19	2014	10	5	5.5	0.092878415	0.665450498	0.474817801	0.052646813	0.796252303	5006641.455	53	0	0	0	0	1	0	0	0	0	0	0
BRA	19	2015	10	6	5099	0.081214576	0.684380671	0.434687356	-0.120649273	0.837056169	4280816.749	54	0	0	0	0	0	1	0	0	0	0	0
BRA	19	2016	10	7	5145	0.078736245	0.693373195	0.446651161	-0.083908934	0.724830633	3870757.571	55	0	0	0	0	0	0	1	0	0	0	0
BRA	19	2017	10	8	5434	0.084542621	0.680955159	0.353972404	0.111695203	0.592760488	4381574.875	56	0	0	0	0	0	0	0	1	0	0	0
BRA	19	2018	10	9	5746	0.097860109	0.777286142	0.315979245	0.097883733	0.480324788	4214287.669	57	0	0	0	0	0	0	0	0	1	0	0
BRA	19	2019	10	10	5564	0.117782782	0.850824799	0.319789631	0.032843839	0.255875874	3976487.542	58	0	0	0	0	0	0	0	0	0	1	0
BRA	19	2020	10	11	5478	0.141325707	0.876638306	0.300179335	0.001488724	0.141369478	3865141.394	59	0	0	0	0	0	0	0	0	0	0	1
BRA	20	2010	11	1	5118	0.049032209	0.670954553	0.143136625	-0.020796102	0.45816737	7942404.136	41	1	0	0	0	0	0	0	0	0	0	0
BRA	20	2011	11	2	5.3	0.031398425	0.593273503	0.432898275	0.104412566	0.531792875	9920223.881	42	0	1	0	0	0	0	0	0	0	0	0
BRA	20	2012	11	3	5.5	0.062774668	0.629159766	0.455172408	0.060685317	0.616778515	9922064.361	43	0	0	1	0	0	0	0	0	0	0	0
BRA	20	2013	11	4	5.6	0.067586871	0.573891755	0.537665063	0.012390758	0.604130634	11012379.5	44	0	0	0	1	0	0	0	0	0	0	0
BRA	20	2014	11	5	5.5	0.047146628	0.540107255	0.587614548	0.004210561	0.648972879	11750488.65	45	0	0	0	0	1	0	0	0	0	0	0
BRA	20	2015	11	6	5099	0.024207632	0.445537584	0.664092162	-0.039807812	0.918520295	13677595.68	46	0	0	0	0	0	1	0	0	0	0	0
BRA	20	2016	11	7	5145	0.01888098	0.563849896	0.584055307	0.007872537	0.954002138	10892716.83	47	0	0	0	0	0	0	1	0	0	0	0
BRA	20	2017	11	8	5434	0.026835166	0.473929076	0.375885752	-0.045486971	1.003919458	12369958.02	48	0	0	0	0	0	0	0	1	0	0	0
BRA	20	2018	11	9	5746	-0.024441205	0.180261771	0.975242244	-0.631790638	0.925792268	11974924.2	49	0	0	0	0	0	0	0	0	1	0	0
BRA	20	2019	11	10	5564	-0.007268861	0.24564157	0.395871925	0.229210976	0.025170918	10801920.36	50	0	0	0	0	0	0	0	0	0	1	0
BRA	20	2020	11	11	5478	-0.030669326	0.358342356	0.538385096	0.435759145	1.513459788	10631297.76	51	0	0	0	0	0	0	0	0	0	0	1
BRA	21	2010	12	1	5118	0.078331536	0.731805301	0.590659206	0.350742053	0.807461461	395519.5137	56	1	0	0	0	0	0	0	0	0	0	0
BRA	21	2011	12	2	5.3	0.05261937	0.699214259	0.611129338	0.125341006	0.916569774	465840.597	57	0	1	0	0	0	0	0	0	0	0	0
BRA	21	2012	12	3	5.5	0.056253914	0.738579048	0.634122862	0.040996991	1.110778362	459092.3974	58	0	0	1	0	0	0	0	0	0	0	0
BRA	21	2013	12	4	5.6	0.072151882	0.767805685	0.465733792	-0.01955935	1.032532689	432979.2362	59	0	0	0	1	0	0	0	0	0	0	0
BRA	21	2014	12	5	5.5	0.070698603	0.811406725	0.446068078	-0.022619016	0.983331173	400445.7381	60	0	0	0	0	1	0	0	0	0	0	0
BRA	21	2015	12	6	5099	0.08328673	0.901197682	0.520185686	-0.191651082	0.882066599	291447.9964	61	0	0	0	0	0	1	0	0	0	0	0
BRA	21	2016	12	7	5145	0.069563937	0.675911417	0.493366771	-0.113487092	0.331376562	344489.8427	62	0	0	0	0	0	0	1	0	0	0	0
BRA	21	2017	12	8	5434	0.048094864	0.61397161	0.521671263	0.120541115	0.281290029	424957.7068	63	0	0	0	0	0	0	0	1	0	0	0
BRA	21	2018	12	9	5746	0.09152227	0.747210114	0.478011197	0.196894968	0.449767712	417933.6106	64	0	0	0	0	0	0	0	0	1	0	0
BRA	21	2019	12	10	5564	0.065849024	0.842894303	0.499005133	0.10837446	0.503672395	410642.0623	65	0	0	0	0	0	0	0	0	0	1	0
BRA	21	2020	12	11	5478	0.083079688	0.578417491	0.475522044	-0.063756114	0.968097351	560252.919	66	0	0	0	0	0	0	0	0	0	0	1
BRA	22	2010	13	1	5118	0.120079179	0.978511362	0.177780461	0.662269666	1.414420951	1721070.84	61	1	0	0	0	0	0	0	0	0	0	0
BRA	22	2011	13	2	5.3	0.126727418	0.996375473	0.164879622	0.194278449	1.269345416	2018585.672	62	0	1	0	0	0	0	0	0	0	0	0
BRA	22	2012	13	3	5.5	0.111403088	1.086860047	0.202408142	-0.029022208	1.021738832	1796825.437	63	0	0	1	0	0	0	0	0	0	0	0
BRA	22	2013	13	4	5.6	0.095898092	0.888647689	0.197603701	-0.131542363	1.197025276	1908527.994	64	0	0	0	1	0	0	0	0	0	0	0
BRA	22	2014	13	5	5.5	0.059763009	0.766057048	0.234691609	-0.148117303	1.264424351	1886022.351	65	0	0	0	0	1	0	0	0	0	0	0
BRA	22	2015	13	6	5099	0.032957633	0.543601205	0.347095357	-0.430930648	1.329497155	1512490.77	66	0	0	0	0	0	1	0	0	0	0	0
BRA	22	2016	13	7	5145	0.06117684	0.518106608	0.415871532	-0.102957088	1.230776065	1423531.99	67	0	0	0	0	0	0	1	0	0	0	0
BRA	22	2017	13	8	5434	0.015690838	0.607742994	0.275264578	0.221626877	1.007707616	1482535.088	68	0	0	0	0	0	0	0	1	0	0	0
BRA	22	2018	13	9	5746	0.058528035	0.815405859	0.22089412	0.274882438	0.906108831	1408708.883	69	0	0	0	0	0	0	0	0	1	0	0
BRA	22	2019	13	10	5564	0.048439853	0.830728051	0.25083914	-0.047903872	0.764655624	1316488.302	70	0	0	0	0	0	0	0	0	0	1	0
BRA	22	2020	13	11	5478	0.029425801	0.612475091	0.308893985	-0.363378039	0.778676424	1136760.735	71	0	0	0	0	0	0	0	0	0	0	1
BRA	24	2010	14	1	5118	0.121314545	1.002082051	0.327135832	0.708944586	0.830368501	2108302.562	61	1	0	0	0	0	0	0	0	0	0	0
BRA	24	2011	14	2	5.3	0.1143831	1.034021695	0.332103582	0.174534795	0.797099752	2399785.672	62	0	1	0	0	0	0	0	0	0	0	0
BRA	24	2012	14	3	5.5	0.03885849	0.810386933	0.436825674	-0.277984795	1.00203536	2210833.419	63	0	0	1	0	0	0	0	0	0	0	0
BRA	24	2013	14	4	5.6	0.090978084	0.866802339	0.366170679	0.100295892	1.586287625	2274248.239	64	0	0	0	1	0	0	0	0	0	0	0
BRA	24	2014	14	5	5.5	0.075799661	0.775362463	0.408924584	-0.185493013	1.476140108	2070846.86	65	0	0	0	0	1	0	0	0	0	0	0
BRA	24	2015	14	6	5099	0.007181899	0.597893927	0.510474279	-0.420590868	1.949112157	1556015.609	66	0	0	0	0	0	1	0	0	0	0	0
BRA	24	2016	14	7	5145	0.004392917	0.538993252	0.534652375	-0.191865037	1.285160325	1394885.82	67	0	0	0	0	0	0	1	0	0	0	0
BRA	24	2017	14	8	5434	0.038414455	0.590816027	0.470227714	0.223723472	1.157017681	1557230.89	68	0	0	0	0	0	0	0	1	0	0	0
BRA	24	2018	14	9	5746	0.075135776	0.732071378	0.365458234	0.267877204	1.380618506	1593415.522	69	0	0	0	0	0	0	0	0	1	0	0
BRA	24	2019	14	10	5564	0.08390462	0.804720806	0.351128209	0.10657037	1.317421444	1604044.004	70	0	0	0	0	0	0	0	0	0	1	0
BRA	24	2020	14	11	5478	0.112960831	0.597189475	0.372606742	-0.194152133	1.346616425	1741816.595	71	0	0	0	0	0	0	0	0	0	0	1
BRA	26	2010	15	1	5118	0.041743404	1.159139995	0.503500775	0.669550357	28.37557817	110736.2381	78	1	0	0	0	0	0	0	0	0	0	0
BRA	26	2011	15	2	5.3	0.039393755	1.18866947	0.518036149	0.088506595	65.14907508	117542.6866	79	0	1	0	0	0	0	0	0	0	0	0
BRA	26	2012	15	3	5.5	0.037749566	0.955602018	0.567051959	-0.302108718	-5.003672649	102039.2919	80	0	0	1	0	0	0	0	0	0	0	0
BRA	26	2013	15	4	5.6	0.085684991	1.074425255	0.495928909	0.085817217	-7.871640212	98542.82536	81	0	0	0	1	0	0	0	0	0	0	0
BRA	26	2014	15	5	5.5	-0.171844948	0.865065504	0.578571027	-0.214791296	-1.48653922	96103.0849	82	0	0	0	0	1	0	0	0	0	0	0
BRA	26	2015	15	6	5099	-0.280013831	0.81962528	0.520120492	-0.452239223	-0.637302212	55559.95798	83	0	0	0	0	0	1	0	0	0	0	0
BRA	26	2016	15	7	5145	0.005990319	0.621884088	0.782881706	-0.234452834	-0.527314799	56058.27913	84	0	0	0	0	0	0	1	0	0	0	0
BRA	26	2017	15	8	5434	-0.088766955	0.677230315	0.625615885	0.092509053	-0.517036791	56239.03509	85	0	0	0	0	0	0	0	1	0	0	0
BRA	26	2018	15	9	5746	-0.095563655	0.911172479	0.501435618	0.171144228	-0.451361526	48953.53292	86	0	0	0	0	0	0	0	0	1	0	0
BRA	26	2019	15	10	5564	-0.078181619	1.032036547	0.53120953	0.018027753	-0.372890883	43999.64513	87	0	0	0	0	0	0	0	0	0	1	0
BRA	26	2020	15	11	5478	0.253697984	0.7954145	0.711248154	-0.375263136	-0.014819379	35665.46414	88	0	0	0	0	0	0	0	0	0	0	1
BRA	27	2010	16	1	5118	0.146299577	0.855126819	0.78256475	0.251527332	1.403636193	1003630.063	56	1	0	0	0	0	0	0	0	0	0	0
BRA	27	2011	16	2	5.3	0.139030637	0.880855344	0.850961681	0.170166834	1.363426565	1140111.642	57	0	1	0	0	0	0	0	0	0	0	0
BRA	27	2012	16	3	5.5	0.133013536	0.828830428	0.977394378	-0.077180077	1.390995941	1118158.191	58	0	0	1	0	0	0	0	0	0	0	0
BRA	27	2013	16	4	5.6	0.119203369	0.782606424	0.957541949	-0.048805126	1.455723148	1126406.192	59	0	0	0	1	0	0	0	0	0	0	0
BRA	27	2014	16	5	5.5	0.107551845	0.78777269	0.981853516	0.07868744	1.434873317	1207071.896	60	0	0	0	0	1	0	0	0	0	0	0
BRA	27	2015	16	6	5099	0.111218891	0.760666082	1.00348	-0.236599147	1.399649337	954316.9743	61	0	0	0	0	0	1	0	0	0	0	0
BRA	27	2016	16	7	5145	0.11543691	0.74862961	1.029510116	0.004487286	1.291112871	974011.6329	62	0	0	0	0	0	0	1	0	0	0	0
BRA	27	2017	16	8	5434	0.122610968	0.73503783	0.847447553	0.166695974	1.316321516	1157388.471	63	0	0	0	0	0	0	0	1	0	0	0
BRA	27	2018	16	9	5746	0.141629835	0.673153973	0.91672613	-0.077658659	1.287090237	1165644.464	64	0	0	0	0	0	0	0	0	1	0	0
BRA	27	2019	16	10	5564	0.116805319	0.600808579	1.016465717	-0.072503336	1.967778015	1211314.035	65	0	0	0	0	0	0	0	0	0	1	0
BRA	27	2020	16	11	5478	0.097389478	0.443797258	1.333394023	-0.373499549	2.028311426	1027376.547	66	0	0	0	0	0	0	0	0	0	0	1
BRA	28	2010	17	1	5118	0.091479565	0.381732072	0.663238852	0.066572206	0.385035547	15273597.68	12	1	0	0	0	0	0	0	0	0	0	0
BRA	28	2011	17	2	5.3	0.049497393	0.291979723	0.758047669	-0.053318072	0.765424435	18903899.1	13	0	1	0	0	0	0	0	0	0	0	0
BRA	28	2012	17	3	5.5	0.068910727	0.364365398	1.115639175	1.332963543	2.946664594	35340680.45	14	0	0	1	0	0	0	0	0	0	0	0
BRA	28	2013	17	4	5.6	0.075419591	0.405474181	1.03288323	0.022995946	3.111176385	32487982.48	15	0	0	0	1	0	0	0	0	0	0	0
BRA	28	2014	17	5	5.5	0.055206601	0.274806307	1.065788844	-0.088845226	1.856376533	43676859.86	16	0	0	0	0	1	0	0	0	0	0	0
BRA	28	2015	17	6	5099	0.022799192	0.26555094	1.408923671	-0.315932132	2.934330228	30919285.61	17	0	0	0	0	0	1	0	0	0	0	0
BRA	28	2016	17	7	5145	0.000730852	0.31636904	1.465969299	-0.092809632	3.860614008	23544081.26	18	0	0	0	0	0	0	1	0	0	0	0
BRA	28	2017	17	8	5434	-0.034397744	0.346590736	1.173333879	0.000574703	-4.034422957	21503457.39	19	0	0	0	0	0	0	0	1	0	0	0
BRA	28	2018	17	9	5746	-0.080507875	0.337114252	1.329655457	-0.189994016	0.718467933	17907557.6	20	0	0	0	0	0	0	0	0	1	0	0
BRA	28	2019	17	10	5564	-0.041414585	0.280090036	1.974724753	-0.154515475	1.024175701	18223067.1	21	0	0	0	0	0	0	0	0	0	1	0
BRA	28	2020	17	11	5478		0.125735777	2.679515737	-0.647195505	3.390481228	14321693.43	22	0	0	0	0	0	0	0	0	0	0	1
BRA	29	2010	18	1	5118	0.177635719	0.789137133	0.776739283	0.13123033	0.1564848	11342551.84	37	1	0	0	0	0	0	0	0	0	0	0
BRA	29	2011	18	2	5.3	0.088522956	0.444781677	1.637668777	0.942869521	0.143176705	39098491.34	38	0	1	0	0	0	0	0	0	0	0	0
BRA	29	2012	18	3	5.5	0.102659216	0.48297748	1.415587682	-0.00175469	0.1783131	35943245.17	39	0	0	1	0	0	0	0	0	0	0	0
BRA	29	2013	18	4	5.6	0.070170571	0.499568053	1.393244989	-0.07298162	0.20407201	32213495.55	40	0	0	0	1	0	0	0	0	0	0	0
BRA	29	2014	18	5	5.5	0.070019145	0.479023213	1.495220439	-0.075856529	0.173509311	31046693.29	41	0	0	0	0	1	0	0	0	0	0	0
BRA	29	2015	18	6	5099	0.051547728	0.39619206	1.905904004	-0.186886436	0.14906958	30522306.47	42	0	0	0	0	0	1	0	0	0	0	0
BRA	29	2016	18	7	5145	0.062403218	0.416479054	1.815381193	0.007196885	0.13321036	29244508.47	43	0	0	0	0	0	0	1	0	0	0	0
BRA	29	2017	18	8	5434	0.065433335	0.426175023	0.78565575	0.111353063	0.12182084	31761539.79	44	0	0	0	0	0	0	0	1	0	0	0
BRA	29	2018	18	9	5746	0.092143287	0.42377322	0.802939644	-0.121310884	0.085737912	28066695.31	45	0	0	0	0	0	0	0	0	1	0	0
BRA	29	2019	18	10	5564	0.06662383	0.408793837	0.98489522	-0.056571973	0.196218289	27449170.36	46	0	0	0	0	0	0	0	0	0	1	0
BRA	29	2020	18	11	5478	0.060527508	0.396607645	1.046153787	-0.25455723	0.19033614	21090495.75	47	0	0	0	0	0	0	0	0	0	0	1
BRA	30	2010	19	1	5118	0.061955664	0.746350754	0.727988892	0.246864426	0.314020967	11004290.18	15	1	0	0	0	0	0	0	0	0	0	0
BRA	30	2011	19	2	5.3	0.087634464	0.72603022	0.740508898	0.241995425	0.28259731	14049805.37	16	0	1	0	0	0	0	0	0	0	0	0
BRA	30	2012	19	3	5.5	0.088913671	0.718677986	0.729536382	-0.05888803	0.317366895	13357708.48	17	0	0	1	0	0	0	0	0	0	0	0
BRA	30	2013	19	4	5.6	0.086674907	0.70798112	0.743625451	-0.038210032	0.325232825	13041419.63	18	0	0	0	1	0	0	0	0	0	0	0
BRA	30	2014	19	5	5.5	0.076026321	0.596363322	0.94604759	-0.102671532	0.440830441	13892713.1	19	0	0	0	0	1	0	0	0	0	0	0
BRA	30	2015	19	6	5099	0.091444609	0.482114916	1.214886948	-0.378944525	0.478149426	10672786.43	20	0	0	0	0	0	1	0	0	0	0	0
BRA	30	2016	19	7	5145	0.041095601	0.450645118	1.404162392	-0.130353331	0.390968839	9929709.75	21	0	0	0	0	0	0	1	0	0	0	0
BRA	30	2017	19	8	5434	0.059304612	0.497968627	0.683809661	0.136554688	0.258437356	10213146.93	22	0	0	0	0	0	0	0	1	0	0	0
BRA	30	2018	19	9	5746	0.075647143	0.531365792	0.67222695	-0.086270175	0.084012665	8745522.686	23	0	0	0	0	0	0	0	0	1	0	0
BRA	30	2019	19	10	5564	0.111895351	0.430673046	1.026091151	-0.052144203	0.090455798	10227604.88	24	0	0	0	0	0	0	0	0	0	1	0
BRA	30	2020	19	11	5478	0.067577875	0.414549362	1.064022066	-0.23963938	0.101154199	8079137.476	25	0	0	0	0	0	0	0	0	0	0	1
BRA	31	2010	20	1	5118	0.125483233	1.06860494	0.470243755	0.918376176	0.938261816	1184115.208	92	1	0	0	0	0	0	0	0	0	0	0
BRA	31	2011	20	2	5.3	0.149237013	1.210190189	0.423262364	0.370695443	0.932588012	1433172.537	93	0	1	0	0	0	0	0	0	0	0	0
BRA	31	2012	20	3	5.5	0.048138632	0.984950693	0.632205805	0.680937414	2.750827291	2959982.605	94	0	0	1	0	0	0	0	0	0	0	0
BRA	31	2013	20	4	5.6	0.075145985	0.976136508	0.649596244	-0.063378811	1.919153589	2797416.11	95	0	0	0	1	0	0	0	0	0	0	0
BRA	31	2014	20	5	5.5	0.066417778	0.939999116	0.685873569	-0.080085804	1.802680332	2672314.099	96	0	0	0	0	1	0	0	0	0	0	0
BRA	31	2015	20	6	5099	0.056094498	0.854196626	0.760474324	-0.181891216	1.390135926	2405847.816	97	0	0	0	0	0	1	0	0	0	0	0
BRA	31	2016	20	7	5145	0.06792039	0.965898104	0.663945653	-0.049625809	1.517088837	2022038.05	98	0	0	0	0	0	0	1	0	0	0	0
BRA	31	2017	20	8	5434	0.062678674	0.945178692	0.437373563	0.201099084	1.08088599	2481907.268	99	0	0	0	0	0	0	0	1	0	0	0
BRA	31	2018	20	9	5746	0.077777827	1.066204282	0.387529132	0.121801902	0.879687744	2468170.872	100	0	0	0	0	0	0	0	0	1	0	0
BRA	31	2019	20	10	5564	0.072130704	1.068368629	0.398030629	-0.035198919	0.875494427	2376469.798	101	0	0	0	0	0	0	0	0	0	1	0
BRA	31	2020	20	11	5478	-0.014882689	0.705825576	0.527787239	-0.330758635	1.346492456	2407347.647	102	0	0	0	0	0	0	0	0	0	0	1
BRA	32	2010	21	1	5118	0.046216735	0.70724824	0.821525428	0.393756455	0.473028618	1464612.282	90	1	0	0	0	0	0	0	0	0	0	0
BRA	32	2011	21	2	5.3	0.096211741	0.880464237	0.655507351	0.289167216	0.515970756	1516673.433	91	0	1	0	0	0	0	0	0	0	0	0
BRA	32	2012	21	3	5.5	0.114888899	0.949344239	0.656730541	-0.146094149	0.347585496	1201130.155	92	0	0	1	0	0	0	0	0	0	0	0
BRA	32	2013	21	4	5.6	0.114740283	0.986002179	0.602704875	-0.027041242	0.355307115	1125201.613	93	0	0	0	1	0	0	0	0	0	0	0
BRA	32	2014	21	5	5.5	0.109486929	0.916393049	0.625757615	-0.106474305	0.438797128	1081766.381	94	0	0	0	0	1	0	0	0	0	0	0
BRA	32	2015	21	6	5099	0.106928292	0.97797163	0.596587955	-0.266226313	0.371626218	743791.3853	95	0	0	0	0	0	1	0	0	0	0	0
BRA	32	2016	21	7	5145	0.006882205	0.949506861	0.553316246	-0.119239382	0.410892987	674741.1249	96	0	0	0	0	0	0	1	0	0	0	0
BRA	32	2017	21	8	5434	0.138121343	1.017204188	0.319370371	0.107294703	0.130335797	697413.5338	97	0	0	0	0	0	0	0	1	0	0	0
BRA	32	2018	21	9	5746	0.162726115	1.118958297	0.280844588	-0.000262008	0.215545985	633827.1031	98	0	0	0	0	0	0	0	0	1	0	0
BRA	32	2019	21	10	5564	0.148407558	1.085316484	0.289624335	-0.097116866	0.323124799	590010.6461	99	0	0	0	0	0	0	0	0	0	1	0
BRA	32	2020	21	11	5478	0.069228412	0.859111995	0.291354953	-0.272278533	0.423230627	542414.9502	100	0	0	0	0	0	0	0	0	0	0	1
BRA	33	2010	22	1	5118	0.058849302	0.926993492	0.604283066	0.635455664	1.519157311	514748.0543	28	1	0	0	0	0	0	0	0	0	0	0
BRA	33	2011	22	2	5.3	0.099926956	1.05244419	0.559555774	0.276324836	1.773022301	578673.4328	29	0	1	0	0	0	0	0	0	0	0	0
BRA	33	2012	22	3	5.5	-0.00731662	0.913890241	0.691017386	-0.234862195	1.015693377	509892.0495	30	0	0	1	0	0	0	0	0	0	0	0
BRA	33	2013	22	4	5.6	-0.032130058	0.210186054	3.255365027	-0.796118008	1.445195052	452009.1769	31	0	0	0	1	0	0	0	0	0	0	0
BRA	33	2014	22	5	5.5	0.047014224	0.804561614	0.8739578	1.944457731	1.485727132	347693.9747	32	0	0	0	0	1	0	0	0	0	0	0
BRA	33	2015	22	6	5099	-0.080122048	0.752664134	1.151511937	-0.484124762	4.838654154	191734.3539	33	0	0	0	0	0	1	0	0	0	0	0
BRA	33	2016	22	7	5145	-0.195224434	0.604358654	1.736138424	-0.302339408	-1.801876966	166590.6421	34	0	0	0	0	0	0	1	0	0	0	0
BRA	33	2017	22	8	5434	-0.078116915	0.729639282	1.19977902	0.210979256	-1.441618349	167098.9975	35	0	0	0	0	0	0	0	1	0	0	0
BRA	33	2018	22	9	5746	-0.289967133	0.800499012	1.153998749	-0.221549465	-0.86331068	118563.8443	36	0	0	0	0	0	0	0	0	1	0	0
BRA	33	2019	22	10	5564	0.010101634	0.645386567	0.981207214	0.08845332	-2.711189286	160067.4254	37	0	0	0	0	0	0	0	0	0	1	0
BRA	33	2020	22	11	5478	-0.138232772	0.610110111	1.079905089	-0.306847757	-0.971318493	117366.2671	38	0	0	0	0	0	0	0	0	0	0	1
BRA	36	2010	23	1	5118	0.157071907	1.522011785	0.140815107	0.255577363	0.060296521	2756421.065	99	1	0	0	0	0	0	0	0	0	0	0
BRA	36	2011	23	2	5.3	0.068525867	1.419757616	0.14291082	0.06235791	0.046879831	3139208.955	100	0	1	0	0	0	0	0	0	0	0	0
BRA	36	2012	23	3	5.5	0.146023858	1.417119805	0.129483544	-0.029109456	0.052326042	3053501.484	101	0	0	1	0	0	0	0	0	0	0	0
BRA	36	2013	23	4	5.6	0.16242914	1.419380104	0.121038276	-0.000156488	0.056180053	3048161.846	102	0	0	0	1	0	0	0	0	0	0	0
BRA	36	2014	23	5	5.5	0.170217556	1.561148436	0.126004682	-0.051324247	0.099003473	2629119.572	103	0	0	0	0	1	0	0	0	0	0	0
BRA	36	2015	23	6	5099	0.061097495	1.390807122	0.151352718	-0.31350019	0.158974259	2025946.871	104	0	0	0	0	0	1	0	0	0	0	0
BRA	36	2016	23	7	5145	0.046356615	1.403344701	0.161605052	-0.062567695	0.132568503	1882220.567	105	0	0	0	0	0	0	1	0	0	0	0
BRA	36	2017	23	8	5434	0.056547775	1.383893932	0.154543776	0.124714199	0.102208254	2146714.286	106	0	0	0	0	0	0	0	1	0	0	0
BRA	36	2018	23	9	5746	0.030700297	0.849461118	0.121460798	-0.391230089	0.206625742	2129054.239	107	0	0	0	0	0	0	0	0	1	0	0
BRA	36	2019	23	10	5564	0.092540542	1.014118927	0.123610351	0.085109064	0.197331615	1935150.44	108	0	0	0	0	0	0	0	0	0	1	0
BRA	36	2020	23	11	5478	0.137807477	1.303966826	0.106853843	-0.084938108	0.154087579	1377169.983	109	0	0	0	0	0	0	0	0	0	0	1
BRA	42	2010	24	1	5118	0.017546472	0.415373705	0.870661917	0.440582005	2.179296773	499853.4341	114	1	0	0	0	0	0	0	0	0	0	0
BRA	42	2011	24	2	5.3	0.017617961	0.431635901	0.810645616	0.045792722	5.012401069	503048.3582	115	0	1	0	0	0	0	0	0	0	0	0
BRA	42	2012	24	3	5.5	0.031561757	0.422778027	0.779079812	-0.13257851	5.299226724	445497.2884	116	0	0	1	0	0	0	0	0	0	0	0
BRA	42	2013	24	4	5.6	0.045199369	0.439181577	0.690288945	0.008173871	4.36129084	432363.274	117	0	0	0	1	0	0	0	0	0	0	0
BRA	42	2014	24	5	5.5	0.009865801	0.462105912	0.675368962	-0.149536841	15.99907472	349467.5788	118	0	0	0	0	1	0	0	0	0	0	0
BRA	42	2015	24	6	5099	0.014117305	0.455309283	0.746840266	-0.248805844	-7.123629626	266436.7402	119	0	0	0	0	0	1	0	0	0	0	0
BRA	42	2016	24	7	5145	0.049862206	0.442372162	0.82363569	-0.005162981	-2.039970233	272812.8134	120	0	0	0	0	0	0	1	0	0	0	0
BRA	42	2017	24	8	5434	0.029059535	0.447006767	0.86602398	0.134718725	-1.047209591	306356.203	121	0	0	0	0	0	0	0	1	0	0	0
BRA	42	2018	24	9	5746	0.054740717	0.45961097	0.818410083	-0.060887457	-1.419706701	279813.0918	122	0	0	0	0	0	0	0	0	1	0	0
BRA	42	2019	24	10	5564	0.053383435	0.468520329	0.805745698	-0.042309667	-1.400459697	262878.5075	123	0	0	0	0	0	0	0	0	0	1	0
BRA	42	2020	24	11	5478	0.043528599	0.463359916	0.776467637	-0.190122733	-1.280546392	215270.3751	124	0	0	0	0	0	0	0	0	0	0	1
BRA	43	2010	25	1	5118	0.165182452	0.656525283	0.703596984	0.412967515	0.700699628	188887.6896	54	1	0	0	0	0	0	0	0	0	0	0
BRA	43	2011	25	2	5.3	0.213910944	0.569046544	0.631912376	0.261482109		274908.6567	55	0	1	0	0	0	0	0	0	0	0	0
BRA	43	2012	25	3	5.5	0.128171177	0.618926322	0.631757351	0.022714972		258494.8327	56	0	0	1	0	0	0	0	0	0	0	0
BRA	43	2013	25	4	5.6	0.057821872	0.517160539	0.741452538	0.256387666	0.537641617	388677.234	57	0	0	0	1	0	0	0	0	0	0	0
BRA	43	2014	25	5	5.5	0.081811963	0.518928587	0.726296643	-0.126033258	0.368606554	338533.6109	58	0	0	0	0	1	0	0	0	0	0	0
BRA	43	2015	25	6	5099	0.040783644	0.51186404	0.784629983	-0.321168939	0.361877737	232978.8384	59	0	0	0	0	0	1	0	0	0	0	0
BRA	43	2016	25	7	5145	0.011508294	0.486019006	0.846754953	-0.132947442	0.218898038	212746.9127	60	0	0	0	0	0	0	1	0	0	0	0
BRA	43	2017	25	8	5434	-0.004086075	0.475720659	0.124707052	0.030381041	0.198392068	223955.8271	61	0	0	0	0	0	0	0	1	0	0	0
BRA	43	2018	25	9	5746	-0.003661964	0.385750393	0.142867424	-0.214794985	0.228315954	216865.7983	62	0	0	0	0	0	0	0	0	1	0	0
BRA	43	2019	25	10	5564	-0.187319458	0.467725498	0.143846944	-0.04183403	0.295954831	171374.8701	63	0	0	0	0	0	0	0	0	0	1	0
BRA	43	2020	25	11	5478	-0.016058382	0.408485091	0.13322595	-0.40811868	0.436933875	116143.9544	64	0	0	0	0	0	0	0	0	0	0	1
BRA	81	2010	26	1	5118	0.052702816	1.199846167	0.412224011	0.09496118	-0.638624527	381103.221	62	1	0	0	0	0	0	0	0	0	0	0
BRA	81	2011	26	2	5.3	0.082495049	1.234352311	0.426327774	0.1043122	-3.374204542	409091.9403	63	0	1	0	0	0	0	0	0	0	0	0
BRA	81	2012	26	3	5.5	0.058290053	1.366877015	0.360521647	-0.003002849	-9.006755034	368319.3492	64	0	0	1	0	0	0	0	0	0	0	0
BRA	81	2013	26	4	5.6	0.05207423	1.632385826	0.308254057	0.067883118	-1.260729163	329347.8865	65	0	0	0	1	0	0	0	0	0	0	0
BRA	81	2014	26	5	5.5	0.090576874	1.526825107	0.330079021	-0.088927327	-2.374427557	320805.218	66	0	0	0	0	1	0	0	0	0	0	0
BRA	81	2015	26	6	5099	-0.150400442	1.55597499	0.359065156	-0.331127014	-0.560852371	210558.0069	67	0	0	0	0	0	1	0	0	0	0	0
BRA	81	2016	26	7	5145	0.020372691	1.543765355	0.32532771	-0.039938367	-0.564582731	203747.4571	68	0	0	0	0	0	0	1	0	0	0	0
BRA	81	2017	26	8	5434	0.260746813	1.600193181	0.301065543	0.092341922	-1.670540415	214713.6591	69	0	0	0	0	0	0	0	1	0	0	0
BRA	81	2018	26	9	5746	-0.006957882	1.437908207	0.310490767	-0.224075857	-1.219889887	185404.4661	70	0	0	0	0	0	0	0	0	1	0	0
BRA	81	2019	26	10	5564	0.092745817	1.611553043	0.275754756	0.007609877	-1.123005643	166686.0156	71	0	0	0	0	0	0	0	0	0	1	0
BRA	81	2020	26	11	5478	0.190142337	1.708301541	0.256537437	-0.167480582	-0.897030931	130910.237	72	0	0	0	0	0	0	0	0	0	0	1
BRA	82	2010	27	1	5118	0.362493098	1.594325782	0.164168636	0.374138657	0.550029344	1830296.54	41	1	0	0	0	0	0	0	0	0	0	0
BRA	82	2011	27	2	5.3	0.346708632	1.474125049	0.195879045	0.143945155	0.949173162	2264484.776	42	0	1	0	0	0	0	0	0	0	0	0
BRA	82	2012	27	3	5.5	0.254782035	1.180506342	0.228888081	-0.027441376	1.779744537	2750117.16	43	0	0	1	0	0	0	0	0	0	0	0
BRA	82	2013	27	4	5.6	0.226620239	1.121951161	0.298792165	0.000798927	2.477129039	2895958.936	44	0	0	0	1	0	0	0	0	0	0	0
BRA	82	2014	27	5	5.5	0.189535593	1.028935639	0.336355839	-0.031134231	3.465903007	3059438.684	45	0	0	0	0	1	0	0	0	0	0	0
BRA	82	2015	27	6	5099	0.133770255	0.840768278	0.199491784	-0.246813647	5.13643487	2820045.325	46	0	0	0	0	0	1	0	0	0	0	0
BRA	82	2016	27	7	5145	0.128582538	0.939570121	0.198272289	-0.043791836	4.406099048	2412990.745	47	0	0	0	0	0	0	1	0	0	0	0
BRA	82	2017	27	8	5434	0.090833659	0.658715229	0.268220879	0.361469372	5.708470918	4685921.679	48	0	0	0	0	0	0	0	1	0	0	0
BRA	82	2018	27	9	5746	0.081711954	0.871119108	0.209823623	0.187780244	3.105605372	4208732.144	49	0	0	0	0	0	0	0	0	1	0	0
BRA	82	2019	27	10	5564	0.074514868	0.796555608	0.342972123	-0.001331428	2.329426586	4596572.457	50	0	0	0	0	0	0	0	0	0	1	0
BRA	82	2020	27	11	5478	0.079965639	0.720877768	0.296247827	-0.028191166	1.350169411	4935934.869	51	0	0	0	0	0	0	0	0	0	0	1
BRA	90	2010	28	1	5118	0.083871025	1.740851494	0.139668905	0.251816369	1.912059885	1149147.304	42	1	0	0	0	0	0	0	0	0	0	0
BRA	90	2011	28	2	5.3	0.117976118	1.81327637	0.107062978	0.403833884	2.119089043	1548777.91	43	0	1	0	0	0	0	0	0	0	0	0
BRA	90	2012	28	3	5.5	0.065784033	1.734619668	0.098134323	-0.032498599	2.613387358	1566392.101	44	0	0	1	0	0	0	0	0	0	0	0
BRA	90	2013	28	4	5.6	0.073510577	1.81130531	0.093514016	-0.074110937	2.30277443	1388903.411	45	0	0	0	1	0	0	0	0	0	0	0
BRA	90	2014	28	5	5.5	0.085790713	1.797539535	0.095990137	0.005284073	2.990725725	1406935.073	46	0	0	0	0	1	0	0	0	0	0	0
BRA	90	2015	28	6	5099	0.044114462	1.892421202	0.09572277	-0.251266538	6.744189355	1000603.332	47	0	0	0	0	0	1	0	0	0	0	0
BRA	90	2016	28	7	5145	0.069269463	1.819257557	0.111630866	-0.213922395	3.641917381	818184.0062	48	0	0	0	0	0	0	1	0	0	0	0
BRA	90	2017	28	8	5434	0.013281957	1.626365003	0.111153401	0.008097046	7.520809521	922634.0852	49	0	0	0	0	0	0	0	1	0	0	0
BRA	90	2018	28	9	5746	-0.107231002	2.020418224	0.135050568	-0.327277277	-1.611706302	499622.8997	50	0	0	0	0	0	0	0	0	1	0	0
BRA	90	2019	28	10	5564	-0.096757268	0.747715251	0.396681734	-0.703357563	5.182029632	400479.8357	51	0	0	0	0	0	0	0	0	0	1	0
BRA	90	2020	28	11	5478	0.085442536	1.222693746	0.200529584	0.434175575	-1.860098974	351238.0232	52	0	0	0	0	0	0	0	0	0	0	1
BRA	91	2010	29	1	5118	-0.123277415	0.792500556	0.32584327	0.159226605	0.990930271	28073.05573	40	1	0	0	0	0	0	0	0	0	0	0
BRA	91	2011	29	2	5.3	-0.069293832	0.634445216	0.413666974	-0.215006002	7.012084592	27527.16418	41	0	1	0	0	0	0	0	0	0	0	0
BRA	91	2012	29	3	5.5	0.11841106	0.508694382	0.537532537	0.530580502	0.952451025	52547.83587	42	0	0	1	0	0	0	0	0	0	0	0
BRA	91	2013	29	4	5.6	0.047470724	0.439835475	0.626166103	-0.236107561	0.996694322	46425.19466	43	0	0	0	1	0	0	0	0	0	0	0
BRA	91	2014	29	5	5.5	0.026039383	0.463686859	0.635293058	-0.075832237	1.058603827	40697.71395	44	0	0	0	0	1	0	0	0	0	0	0
BRA	91	2015	29	6	5099	-0.018617687	0.436201892	0.858618019	-0.445463502	4.285673105	23990.39472	45	0	0	0	0	0	1	0	0	0	0	0
BRA	91	2016	29	7	5145	-0.050130591	0.415184127	0.944470061	-0.168681267	-1.054142959	20953.26781	46	0	0	0	0	0	0	1	0	0	0	0
BRA	91	2017	29	8	5434	0.010536591	0.53260027	0.404533448	0.336109135	-0.627375326	21823.93484	47	0	0	0	0	0	0	0	1	0	0	0
BRA	91	2018	29	9	5746	0.0411974	0.714840029	0.2808293	0.201454497	-0.565014335	19535.87653	48	0	0	0	0	0	0	0	0	1	0	0
BRA	91	2019	29	10	5564	0.01503193	1.085825815	0.200482482	0.151171825	0.932429273	14805.45487	49	0	0	0	0	0	0	0	0	0	1	0
BRA	91	2020	29	11	5478	0.080587339	1.123039465	0.178298286	-0.092928186	0.545471315	12984.59987	50	0	0	0	0	0	0	0	0	0	0	1
BRA	92	2010	30	1	5118	0.093248114	0.739462654	0.894527778	0.792982167	1.222918548	19586144.98	8	1	0	0	0	0	0	0	0	0	0	0
BRA	92	2011	30	2	5.3	0.049972678	0.868969992	0.736112866	0.339566417	1.519443963	22326707.46	9	0	1	0	0	0	0	0	0	0	0	0
BRA	92	2012	30	3	5.5	0.037377776	0.862738341	0.688949215	-0.063506299	2.02124218	21059847.54	10	0	0	1	0	0	0	0	0	0	0	0
BRA	92	2013	30	4	5.6	0.058525574	0.875121193	0.703376928	0.045093875	2.421778691	21698085.84	11	0	0	0	1	0	0	0	0	0	0	0
BRA	92	2014	30	5	5.5	0.072219376	0.931399395	0.703228638	0.030074667	3.45017907	21000149.15	12	0	0	0	0	1	0	0	0	0	0	0
BRA	92	2015	30	6	5099	0.113641304	0.773253935	0.802009126	-0.28056866	28.92737092	18198078.94	13	0	0	0	0	0	1	0	0	0	0	0
BRA	92	2016	30	7	5145	0.114840495	0.91976622	0.686225668	-0.029479256	13.55897682	14848242.46	14	0	0	0	0	0	0	1	0	0	0	0
BRA	92	2017	30	8	5434	0.175455381	0.923493862	0.616966312	0.130015124	4.155730667	16711011.9	15	0	0	0	0	0	0	0	1	0	0	0
BRA	92	2018	30	9	5746	0.140283568	0.979827071	0.558713118	0.028484889	4.257129082	16198889.5	16	0	0	0	0	0	0	0	0	1	0	0
BRA	92	2019	30	10	5564	-0.000830454	0.768006232	0.679322695	-0.164388706	7.413702567	17269280.12	17	0	0	0	0	0	0	0	0	0	1	0
BRA	92	2020	30	11	5478	-0.000835139	0.680074684	0.677207787	-0.143862347	-10.81895623	16696520.23	18	0	0	0	0	0	0	0	0	0	0	1
BRA	93	2010	31	1	5118	0.04162453	0.717700156	0.91632431	0.255685682	1.673568996	439283.0767	81	1	0	0	0	0	0	0	0	0	0	0
BRA	93	2011	31	2	5.3	-0.008922494	0.803858008	0.789647427	0.165058911	1.554738951	456936.7164	82	0	1	0	0	0	0	0	0	0	0	0
BRA	93	2012	31	3	5.5	-0.012306361	0.869984525	0.798528175	-0.148855387	1.731160384	359357.9249	83	0	0	1	0	0	0	0	0	0	0	0
BRA	93	2013	31	4	5.6	0.186247406	0.501873682	0.741335082	-0.482194669	4.436150653	322560.2521	84	0	0	0	1	0	0	0	0	0	0	0
BRA	93	2014	31	5	5.5	0.016797699	0.533254395	0.594778605	-0.035411364	9.887151865	292828.2485	85	0	0	0	0	1	0	0	0	0	0	0
BRA	93	2015	31	6	5099	0.008413045	0.559561098	0.689976614	-0.235573738	-7.020070306	213321.9271	86	0	0	0	0	0	1	0	0	0	0	0
BRA	93	2016	31	7	5145	0.147254413	0.602390661	0.667755233	0.051088262	13.35244161	208278.2728	87	0	0	0	0	0	0	1	0	0	0	0
BRA	93	2017	31	8	5434	0.132122916	0.597603042	0.672423663	0.208225796	0.721130382	253663.2206	88	0	0	0	0	0	0	0	1	0	0	0
BRA	93	2018	31	9	5746	0.060102221	0.878088693	0.306206148	0.327115191	0.996930374	229108.1495	89	0	0	0	0	0	0	0	0	1	0	0
BRA	93	2019	31	10	5564	0.061028286	0.979723149	0.221653239	0.00510862	0.9590821	206389.9521	90	0	0	0	0	0	0	0	0	0	1	0
BRA	93	2020	31	11	5478							91	0	0	0	0	0	0	0	0	0	0	1
BRA	94	2010	32	1	5118	-0.053750631	0.611144203	0.968641964	0.089215678	0.019488875	263228.9951	44	1	0	0	0	0	0	0	0	0	0	0
BRA	94	2011	32	2	5.3	0.091290483	0.763064076	0.663186624	0.415478437	0.035211268	298414.3284	45	0	1	0	0	0	0	0	0	0	0	0
BRA	94	2012	32	3	5.5	0.112490612	0.748996324	0.499580933	0.024025974	0.041845408	311323.5445	46	0	0	1	0	0	0	0	0	0	0	0
BRA	94	2013	32	4	5.6	0.020530762	0.723570887	0.494906716	-0.195115702	0.00842332	259384.5013	47	0	0	0	1	0	0	0	0	0	0	0
BRA	94	2014	32	5	5.5	-0.042882482	0.756841389	0.462685811	-0.106418506	0.110831817	221592.1645	48	0	0	0	0	1	0	0	0	0	0	0
BRA	94	2015	32	6	5099	-0.011444232	0.751550796	0.385621085	-0.243652889	0.261964581	168780.4292	49	0	0	0	0	0	1	0	0	0	0	0
BRA	94	2016	32	7	5145	0.074270425	0.75261815	0.350074647	0.09541044	0.120027313	184621.6441	50	0	0	0	0	0	0	1	0	0	0	0
BRA	94	2017	32	8	5434	0.15109493	0.908545828	0.249784418	0.28116178	0.00541354	195936.0902	51	0	0	0	0	0	0	0	1	0	0	0
BRA	94	2018	32	9	5746	0.229241565	0.94960436	0.234459826	-0.022235526	0.002265033	183295.9334	52	0	0	0	0	0	0	0	0	1	0	0
BRA	94	2019	32	10	5564	0.13624168	0.746555005	0.268336345	-0.141760125	0.014165449	200097.8429	53	0	0	0	0	0	0	0	0	0	1	0
BRA	94	2020	32	11	5478	0.124863645	0.687877563	0.214576022	-0.050253899	0.006899727	206253.1518	54	0	0	0	0	0	0	0	0	0	0	1
BRA	95	2010	33	1	5118	0.042033989	0.313275117	0.800884788	-0.011079488	1.52886628	573450.5482	41	1	0	0	0	0	0	0	0	0	0	0
BRA	95	2011	33	2	5.3	0.018872314	0.388112454	0.703290276	0.147688511	1.174878637	531237.0149	42	0	1	0	0	0	0	0	0	0	0	0
BRA	95	2012	33	3	5.5	0.076890691	0.461796347	0.695739281	-0.118146355	0.666887591	393724.0356	43	0	0	1	0	0	0	0	0	0	0	0
BRA	95	2013	33	4	5.6	0.236503213	0.113507604	6.488711167	-0.522530878	0.998359911	764826.1958	44	0	0	0	1	0	0	0	0	0	0	0
BRA	95	2014	33	5	5.5	0.083841309	0.477667847	1.573266897	2.800567856	0.836952128	690732.9821	45	0	0	0	0	1	0	0	0	0	0	0
BRA	95	2015	33	6	5099	0.094730862	0.51588477	1.410730917	-0.218543138	0.707586709	499791.0851	46	0	0	0	0	0	1	0	0	0	0	0
BRA	95	2016	33	7	5145	0.16263661	0.254587305	2.587710997	-0.011293393	0.467970912	1001317.727	47	0	0	0	0	0	0	1	0	0	0	0
BRA	95	2017	33	8	5434	0.124249901	0.871108942	0.658212103	2.710878497	0.783318155	1085957.707	48	0	0	0	0	0	0	0	1	0	0	0
BRA	95	2018	33	9	5746	0.205470696	0.858137648	0.575537173	0.003559794	0.710848706	1106296.864	49	0	0	0	0	0	0	0	0	1	0	0
BRA	95	2019	33	10	5564	0.106897052	0.819810902	0.640830444	-0.185985181	0.456807911	942643.0255	50	0	0	0	0	0	0	0	0	0	1	0
BRA	95	2020	33	11	5478	0.513283997	2.652563677	0.535211129	-0.02914473	0.410307072	282845.7271	51	0	0	0	0	0	0	0	0	0	0	1
BRA	109	2010	34	1	5118	0.084148525	1.095016458	0.177319327	0.262802284	0.169883836	49187.63847	58	1	0	0	0	0	0	0	0	0	0	0
BRA	109	2011	34	2	5.3	0.112367555	1.057433311	0.200626658	0.036515773	0.194953529	52795.8209	59	0	1	0	0	0	0	0	0	0	0	0
BRA	109	2012	34	3	5.5	0.130658416	0.992359273	0.213823111	-0.085918204	0.201785287	51424.33234	60	0	0	1	0	0	0	0	0	0	0	0
BRA	109	2013	34	4	5.6	0.157368391	0.872416588	0.208156619	-0.012791172	0.253421575	57746.10679	61	0	0	0	1	0	0	0	0	0	0	0
BRA	109	2014	34	5	5.5	0.126000818	0.849577757	0.215439779	-0.01909683	0.261070954	58166.05762	62	0	0	0	0	1	0	0	0	0	0	0
BRA	109	2015	34	6	5099	0.09523427	0.692390404	0.235889472	-0.319424949	0.289887593	48573.31532	63	0	0	0	0	0	1	0	0	0	0	0
BRA	109	2016	34	7	5145	0.051513838	0.662626251	0.275664206	-0.03640365	0.357541672	48907.48116	64	0	0	0	0	0	0	1	0	0	0	0
BRA	109	2017	34	8	5434	0.014470956	0.606889878	0.209169681	0.060985831	0.319295803	56655.70175	65	0	0	0	0	0	0	0	1	0	0	0
BRA	109	2018	34	9	5746	0.027199958	0.630902101	0.232734011	-0.0465054	0.306780328	51964.86235	66	0	0	0	0	0	0	0	0	1	0	0
BRA	109	2019	34	10	5564	0.042935772	0.783421744	0.213046681	0.154407459	0.285691825	48309.80203	67	0	0	0	0	0	0	0	0	0	1	0
BRA	109	2020	34	11	5478	0.080501186	0.759671096	0.199855191	-0.164803398	0.154299758	41609.64351	68	0	0	0	0	0	0	0	0	0	0	1
BRA	110	2010	35	1	5118	0.061274141	0.316378334	1.724068338	0.823254665	0.583167806	5673568.142	9	1	0	0	0	0	0	0	0	0	0	0
BRA	110	2011	35	2	5.3	0.031594744	0.249497834	2.496178221	0.10577177	0.68413138	7955394.627	10	0	1	0	0	0	0	0	0	0	0	0
BRA	110	2012	35	3	5.5	0.060884473	0.306062469	2.187808863	-0.001523897	0.576549066	6475243.528	11	0	0	1	0	0	0	0	0	0	0	0
BRA	110	2013	35	4	5.6	0.07171308	0.340645051	2.022733485	-0.004035153	0.552208728	5794395.161	12	0	0	0	1	0	0	0	0	0	0	0
BRA	110	2014	35	5	5.5	0.065531916	0.337014123	1.874570011	0.007562982	0.642713052	5901117.957	13	0	0	0	0	1	0	0	0	0	0	0
BRA	110	2015	35	6	5099	0.055857738	0.186852598	1.890067438	-0.553750692	0.612810233	4749641.303	14	0	0	0	0	0	1	0	0	0	0	0
BRA	110	2016	35	7	5145	0.093072902	0.28634113	1.778125225	0.061775357	0.097627608	3290855.849	15	0	0	0	0	0	0	1	0	0	0	0
BRA	110	2017	35	8	5434	0.114506018	0.359161012	0.070139328	0.209656015	0.084821587	3173695.802	16	0	0	0	0	0	0	0	1	0	0	0
BRA	110	2018	35	9	5746	0.116489152	0.352781566	0.299185164	-0.105873617	0.068254877	2888999.781	17	0	0	0	0	0	0	0	0	1	0	0
BRA	110	2019	35	10	5564	0.091084045	0.276417292	0.417009611	-0.180571763	0.16103202	3021336.595	18	0	0	0	0	0	0	0	0	0	1	0
BRA	110	2020	35	11	5478	0.076457886	0.237038611	0.433099504	-0.050394922	0.596604159	3345709.686	19	0	0	0	0	0	0	0	0	0	0	1
BRA	111	2010	36	1	5118							25	1	0	0	0	0	0	0	0	0	0	0
BRA	111	2011	36	2	5.3	0.296377796	1.556877978	0.154392606		0.210494238	31200.59701	26	0	1	0	0	0	0	0	0	0	0	0
BRA	111	2012	36	3	5.5	0.241699162	1.505301585	0.153675717	-0.04453825	0.133677222	30832.39538	27	0	0	1	0	0	0	0	0	0	0	0
BRA	111	2013	36	4	5.6	0.235182214	1.290776416	0.188119356	-0.092048846	0.008522452	32646.92251	28	0	0	0	1	0	0	0	0	0	0	0
BRA	111	2014	36	5	5.5	0.242105492	1.262000848	0.208219485	0.169856552		39063.0577	29	0	0	0	0	1	0	0	0	0	0	0
BRA	111	2015	36	6	5099	0.270071186	1.089488647	0.301770137	-0.115639145		40015.90875	30	0	0	0	0	0	1	0	0	0	0	0
BRA	111	2016	36	7	5145	0.160829572	0.981660287	0.497097253	-0.09662007		40120.34039	31	0	0	0	0	0	0	1	0	0	0	0
BRA	111	2017	36	8	5434	0.134600975	0.943876277	0.497322554	0.142317674		47664.78697	32	0	0	0	0	0	0	0	1	0	0	0
BRA	111	2018	36	9	5746	0.235625691	1.163866817	0.395740392	0.146676394		44325.16009	33	0	0	0	0	0	0	0	0	1	0	0
BRA	111	2019	36	10	5564	0.122996935	0.881976015	0.457329944	-0.157329921	0.052524936	49289.49837	34	0	0	0	0	0	0	0	0	0	1	0
BRA	111	2020	36	11	5478	0.221145753	1.059701631	0.380760369	0.022389586	0.045708634	41941.50277	35	0	0	0	0	0	0	0	0	0	0	1
BRA	112	2010	37	1	5118							23	1	0	0	0	0	0	0	0	0	0	0
BRA	112	2011	37	2	5.3							24	0	1	0	0	0	0	0	0	0	0	0
BRA	112	2012	37	3	5.5							25	0	0	1	0	0	0	0	0	0	0	0
BRA	112	2013	37	4	5.6							26	0	0	0	1	0	0	0	0	0	0	0
BRA	112	2014	37	5	5.5	0.099127795	0.521888018	0.799874756		0.653183183	266533.9509	27	0	0	0	0	1	0	0	0	0	0	0
BRA	112	2015	37	6	5099	0.141197137	0.770215368	0.556353865	0.152413064	0.56923975	208125.7692	28	0	0	0	0	0	1	0	0	0	0	0
BRA	112	2016	37	7	5145	0.011410874	0.588706974	0.767122148	-0.183891999	0.838273163	222221.7128	29	0	0	0	0	0	0	1	0	0	0	0
BRA	112	2017	37	8	5434	0.081891865	0.623628934	0.532470051	0.209997335	0.771874291	253830.5138	30	0	0	0	0	0	0	0	1	0	0	0
BRA	112	2018	37	9	5746	0.115807552	0.696465868	0.498157718	0.018618116	0.630591688	231516.3374	31	0	0	0	0	0	0	0	0	1	0	0
BRA	112	2019	37	10	5564	0.082568174	0.712546692	0.48385613	-0.025994526	0.570746892	220409.1151	32	0	0	0	0	0	0	0	0	0	1	0
BRA	112	2020	37	11	5478	0.092501655	0.661367451	0.433824859	-0.098328867	0.703159715	214115.5592	33	0	0	0	0	0	0	0	0	0	0	1
BRA	113	2010	38	1	5118	0.064107666	2.926291877	0.014933229	0.168825804	0.225920094	608177.0153	49	1	0	0	0	0	0	0	0	0	0	0
BRA	113	2011	38	2	5.3	0.050910533	2.689954944	0.023312295	0.112728726	0.261162648	736193.4328	50	0	1	0	0	0	0	0	0	0	0	0
BRA	113	2012	38	3	5.5	0.058987755	2.658095683	0.027415686	-0.017585873	0.38994516	731915.4814	51	0	0	1	0	0	0	0	0	0	0	0
BRA	113	2013	38	4	5.6	0.042733712	1.951074569	0.111711922	-0.173266007	0.944777838	824372.4509	52	0	0	0	1	0	0	0	0	0	0	0
BRA	113	2014	38	5	5.5	0.010890404	1.886607429	0.103695025	-0.088795784	0.603599327	776839.8912	53	0	0	0	0	1	0	0	0	0	0	0
BRA	113	2015	38	6	5099	0.025579287	1.518361779	0.164446027	-0.290310654	0.789986017	685024.4635	54	0	0	0	0	0	1	0	0	0	0	0
BRA	113	2016	38	7	5145	0.028081658	1.506016998	0.220694749	0.125220548	0.802032002	777121.859	55	0	0	0	0	0	0	1	0	0	0	0
BRA	113	2017	38	8	5434	-0.004300452	1.565460402	0.047726602	0.097683869	1.015112638	820642.8571	56	0	0	0	0	0	0	0	1	0	0	0
BRA	113	2018	38	9	5746	0.018999565	1.477784075	0.041250939	-0.090183327	0.622799794	790932.0782	57	0	0	0	0	0	0	0	0	1	0	0
BRA	113	2019	38	10	5564	0.019145954	1.508233366	0.075820008	0.041237813	0.665070394	806922.0045	58	0	0	0	0	0	0	0	0	0	1	0
BRA	113	2020	38	11	5478	0.03207494	1.457389884	0.086903552	-0.126444192	0.418827484	729482.7185	59	0	0	0	0	0	0	0	0	0	0	1
BRA	114	2010	39	1	5118	0.07099908	1.428268563	0.06703457	0.211481146	0.590432895	925790.4903	21	1	0	0	0	0	0	0	0	0	0	0
BRA	114	2011	39	2	5.3	-0.033928254	1.336814818	0.094377	-0.060286638	0.653566376	929494.3284	22	0	1	0	0	0	0	0	0	0	0	0
BRA	114	2012	39	3	5.5	0.034304232	1.209339705	0.103613616	-0.096033349	0.748615694	928799.7544	23	0	0	1	0	0	0	0	0	0	0	0
BRA	114	2013	39	4	5.6	0.039826912	1.365370313	0.071670226	0.0590233	0.858305664	871215.2392	24	0	0	0	1	0	0	0	0	0	0	0
BRA	114	2014	39	5	5.5	0.049383565	1.324903	0.065849502	-0.167134752	0.785689422	747767.4853	25	0	0	0	0	1	0	0	0	0	0	0
BRA	114	2015	39	6	5099	-0.032282808	0.96047555	0.076199374	-0.441555699	1.472219572	576028.8158	26	0	0	0	0	0	1	0	0	0	0	0
BRA	114	2016	39	7	5145	0.066528864	0.957826378	0.076521107	-0.095768617	1.212752908	522303.9454	27	0	0	0	0	0	0	1	0	0	0	0
BRA	114	2017	39	8	5434	0.022537588	1.103669906	0.040349957	0.198339833	1.049236238	543188.9098	28	0	0	0	0	0	0	0	1	0	0	0
BRA	114	2018	39	9	5746	0.041918292	1.056509283	0.036469391	-0.136962535	1.196755101	489718.4062	29	0	0	0	0	0	0	0	0	1	0	0
BRA	114	2019	39	10	5564	0.050814664	0.984530198	0.056909385	-0.061658635	1.331341654	493118.8056	30	0	0	0	0	0	0	0	0	0	1	0
BRA	114	2020	39	11	5478	0.098305091	0.776090716	0.054539947	-0.124213683	0.738462819	547855.8129	31	0	0	0	0	0	0	0	0	0	0	1
BRA	115	2010	40	1	5118							19	1	0	0	0	0	0	0	0	0	0	0
BRA	115	2011	40	2	5.3							20	0	1	0	0	0	0	0	0	0	0	0
BRA	115	2012	40	3	5.5							21	0	0	1	0	0	0	0	0	0	0	0
BRA	115	2013	40	4	5.6	0.022423725	2.676176458	0.144541418		0.260822249	76516.96329	22	0	0	0	1	0	0	0	0	0	0	0
BRA	115	2014	40	5	5.5	0.027869403	2.650207247	0.131017073	-0.116374921	0.196726721	68274.83641	23	0	0	0	0	1	0	0	0	0	0	0
BRA	115	2015	40	6	5099	0.065537926	2.686563496	0.126350082	-0.292707283	0.067469052	47636.80024	24	0	0	0	0	0	1	0	0	0	0	0
BRA	115	2016	40	7	5145	-0.041154239	2.40234442	0.122254422	-0.215858604	0.0278906	41773.30162	25	0	0	0	0	0	0	1	0	0	0	0
BRA	115	2017	40	8	5434	0.012764054	2.123628982	0.086139579	-0.03653274	0.021859223	45529.44862	26	0	0	0	0	0	0	0	1	0	0	0
BRA	115	2018	40	9	5746	0.188081455	1.928112502	0.091528172	0.012450511	0.198513777	50770.62011	27	0	0	0	0	0	0	0	0	1	0	0
BRA	115	2019	40	10	5564	0.213564338	2.00220278	0.09761931	0.08265941	0.135477656	52933.25898	28	0	0	0	0	0	0	0	0	0	1	0
BRA	115	2020	40	11	5478	0.249206372	1.861626103	0.095573006	-0.05987207	0.725620876	53521.85888	29	0	0	0	0	0	0	0	0	0	0	1
BRA	116	2010	41	1	5118	0.628577512	1.058622169	0.225076606	0.315184996		2142479.123	15	1	0	0	0	0	0	0	0	0	0	0
BRA	116	2011	41	2	5.3	0.427480054	0.829071842	0.271458156	0.107843103	0.105890644	3030705.075	16	0	1	0	0	0	0	0	0	0	0	0
BRA	116	2012	41	3	5.5	0.275501936	0.54072968	0.545684255	0.105092355	0.924776487	5135162.693	17	0	0	1	0	0	0	0	0	0	0	0
BRA	116	2013	41	4	5.6	0.239208999	0.505931296	0.465564043	0.124043816	0.74687136	6169161.105	18	0	0	0	1	0	0	0	0	0	0	0
BRA	116	2014	41	5	5.5	0.182631828	0.413582057	0.452551382	0.051762243	1.697285635	7937313.674	19	0	0	0	0	1	0	0	0	0	0	0
BRA	116	2015	41	6	5099	0.144496389	0.371018341	1.377208736	0.016998006	1.308494311	8998289.359	20	0	0	0	0	0	1	0	0	0	0	0
BRA	116	2016	41	7	5145	0.149602394	0.402722492	1.178153441	0.05569773	0.836326231	8751631.758	21	0	0	0	0	0	0	1	0	0	0	0
BRA	116	2017	41	8	5434	0.049020794	0.131304031	0.068924698	0.031128882	0.601873973	27677688.28	22	0	0	0	0	0	0	0	1	0	0	0
BRA	116	2018	41	9	5746	0.044879582	0.141538427	0.085023426	-0.120045694	0.528777824	22594026.33	23	0	0	0	0	0	0	0	0	1	0	0
BRA	116	2019	41	10	5564	0.020965132	0.121462478	0.091970384	-0.100571348	0.613718552	23680593.14	24	0	0	0	0	0	0	0	0	0	1	0
BRA	116	2020	41	11	5478	-0.001573762	0.121842174	0.094372052	-0.24569924	0.636261101	17806625.16	25	0	0	0	0	0	0	0	0	0	0	1
BRA	117	2010	42	1	5118							25	1	0	0	0	0	0	0	0	0	0	0
BRA	117	2011	42	2	5.3	0.101978759	0.517554687	1.358214861		0.288276588	212827.4627	26	0	1	0	0	0	0	0	0	0	0	0
BRA	117	2012	42	3	5.5	0.091169632	0.615243859	1.273532506	0.072875903	0.40058601	192081.7559	27	0	0	1	0	0	0	0	0	0	0	0
BRA	117	2013	42	4	5.6	0.074478779	0.384193464	1.276257493	0.158719156	0.080230912	356419.6329	28	0	0	0	1	0	0	0	0	0	0	0
BRA	117	2014	42	5	5.5	0.073849841	0.418069061	1.496031864	0.144455421	0.113811895	374854.2534	29	0	0	0	0	1	0	0	0	0	0	0
BRA	117	2015	42	6	5099	0.070035047	0.450947558	1.442712658	-0.139654241	0.192920138	298990.5448	30	0	0	0	0	0	1	0	0	0	0	0
BRA	117	2016	42	7	5145	0.04596015	0.334237804	1.377784142	0.05362067	0.113387232	425022.7787	31	0	0	0	0	0	0	1	0	0	0	0
BRA	117	2017	42	8	5434	0.047549142	0.365461144	0.177051733	0.260532257	0.083115197	489982.4561	32	0	0	0	0	0	0	0	1	0	0	0
BRA	117	2018	42	9	5746	0.054660625	0.41607634	0.172230253	0.047685139	0.236453719	450899.2392	33	0	0	0	0	0	0	0	0	1	0	0
BRA	117	2019	42	10	5564	0.031634869	0.30740114	0.326483616	0.064886447	0.187873357	649905.7058	34	0	0	0	0	0	0	0	0	0	1	0
BRA	117	2020	42	11	5478							35	0	0	0	0	0	0	0	0	0	0	1
BRA	118	2010	43	1	5118							21	1	0	0	0	0	0	0	0	0	0	0
BRA	118	2011	43	2	5.3	0.083886317	1.473622686	0.380810779	0.357053306	0.89867469	9217.022687	22	0	1	0	0	0	0	0	0	0	0	0
BRA	118	2012	43	3	5.5	0.058830411	1.647338077	0.314140518	-0.058042078	0.570485115	7766.506702	23	0	0	1	0	0	0	0	0	0	0	0
BRA	118	2013	43	4	5.6	0.035872265	2.231372369	0.229581399	0.150991183		6599.460048	24	0	0	0	1	0	0	0	0	0	0	0
BRA	118	2014	43	5	5.5	0.084845119	2.299519525	0.176779486	0.112800384	0.112982116	7126.242883	25	0	0	0	0	1	0	0	0	0	0	0
BRA	118	2015	43	6	5099	0.274828401	1.502823198	0.362211084	0.170041175	0.507217225	12758.24614	26	0	0	0	0	0	1	0	0	0	0	0
BRA	118	2016	43	7	5145	0.102832217	1.216585359	0.266686453	-0.000904618	0.188192689	15745.74568	27	0	0	0	0	0	0	1	0	0	0	0
BRA	118	2017	43	8	5434	0.002430696	0.994449168	0.113451184	0.479955496	0.260223423	28508.33709	28	0	0	0	0	0	0	0	1	0	0	0
BRA	118	2018	43	9	5746	0.099057795	1.203486069	0.10632372	0.153254098	0.609591789	27166.79547	29	0	0	0	0	0	0	0	0	1	0	0
BRA	118	2019	43	10	5564	0.093658518	1.188371657	0.100407355	-0.002545033	0.747251136	27442.29905	30	0	0	0	0	0	0	0	0	0	1	0
BRA	118	2020	43	11	5478	0.182499749	1.127152477	0.101621892	-0.231701979	0.511818551	22228.99472	31	0	0	0	0	0	0	0	0	0	0	1
BRA	119	2010	44	1	5118							14	1	0	0	0	0	0	0	0	0	0	0
BRA	119	2011	44	2	5.3	0.191476529	1.557845918	0.363711731	0.093072431	0.487329057	14849.53134	15	0	1	0	0	0	0	0	0	0	0	0
BRA	119	2012	44	3	5.5	0.246257982	1.372098934	0.316680535	0.022761441	0.682028429	17243.52962	16	0	0	1	0	0	0	0	0	0	0	0
BRA	119	2013	44	4	5.6	0.067458711	0.644055948	0.589441999	0.002887821	0.0961432	36841.7589	17	0	0	0	1	0	0	0	0	0	0	0
BRA	119	2014	44	5	5.5	0.095263112	0.824944291	0.419818063	0.271643093	0.066628726	36576.70392	18	0	0	0	0	1	0	0	0	0	0	0
BRA	119	2015	44	6	5099	0.053816545	0.766811942	0.466894189	-0.250884057	0.209663751	29477.41258	19	0	0	0	0	0	1	0	0	0	0	0
BRA	119	2016	44	7	5145	0.047088666	0.544397517	1.334243951	0.071861331	0.27351279	44504.16893	20	0	0	0	0	0	0	1	0	0	0	0
BRA	119	2017	44	8	5434	0.072596364	0.856559641	0.125721783	0.744460776		49342.41855	21	0	0	0	0	0	0	0	1	0	0	0
BRA	119	2018	44	9	5746	0.048253001	0.848766649	0.144558051	-0.07986568	0.171165788	45818.51021	22	0	0	0	0	0	0	0	0	1	0	0
BRA	119	2019	44	10	5564	-0.00364037	0.282508484	0.279635519	0.141642937	0.195089005	157154.9517	23	0	0	0	0	0	0	0	0	0	1	0
BRA	119	2020	44	11	5478	0.010908754	0.329321747	0.280356964	-0.082620161	0.180114711	123676.83	24	0	0	0	0	0	0	0	0	0	0	1
BRA	120	2010	45	1	5118	0.149547441	0.797991659	0.093500963	0.296412331	0.662225924	804065.7842	27	1	0	0	0	0	0	0	0	0	0	0
BRA	120	2011	45	2	5.3	0.169076756	0.956132535	0.094023422	0.190200492	0.445061591	798715.2239	28	0	1	0	0	0	0	0	0	0	0	0
BRA	120	2012	45	3	5.5	0.208936796	0.995322468	0.10539995	-0.052729343	0.271746249	726809.0658	29	0	0	1	0	0	0	0	0	0	0	0
BRA	120	2013	45	4	5.6	0.172559201	0.871814927	0.105612752	0.032653111	0.383841292	856868.743	30	0	0	0	1	0	0	0	0	0	0	0
BRA	120	2014	45	5	5.5	0.161892581	0.826752698	0.107488687	0.008181926	0.532478521	910965.4117	31	0	0	0	0	1	0	0	0	0	0	0
BRA	120	2015	45	6	5099	0.085763173	0.717010978	0.129273965	-0.239273113	0.664598637	799061.9841	32	0	0	0	0	0	1	0	0	0	0	0
BRA	120	2016	45	7	5145	0.08684969	0.893561634	0.145073281	0.092108864	0.534354534	700241.2538	33	0	0	0	0	0	0	1	0	0	0	0
BRA	120	2017	45	8	5434	0.057586445	0.893209685	0.14854467	0.115191569	0.532424101	781210.8396	34	0	0	0	0	0	0	0	1	0	0	0
BRA	120	2018	45	9	5746	0.094149695	0.882858824	0.17701169	-0.172044202	0.371566192	654391.3853	35	0	0	0	0	0	0	0	0	1	0	0
BRA	120	2019	45	10	5564	0.091971356	0.645410383	0.255421704	0.001272727	0.18184085	896283.2374	36	0	0	0	0	0	0	0	0	0	1	0
BRA	120	2020	45	11	5478	0.07646851	0.504444655	0.221892494	-0.129557104	0.124819232	998177.9743	37	0	0	0	0	0	0	0	0	0	0	1